0.000000000000000000e+00
3.000000000000000000e+01
6.000000000000000000e+01
9.000000000000000000e+01
1.200000000000000000e+02
1.500000000000000000e+02
1.800000000000000000e+02
2.100000000000000000e+02
2.400000000000000000e+02
2.700000000000000000e+02
3.000000000000000000e+02
3.300000000000000000e+02
3.600000000000000000e+02
3.900000000000000000e+02
4.200000000000000000e+02
4.500000000000000000e+02
4.800000000000000000e+02
5.100000000000000000e+02
5.400000000000000000e+02
5.700000000000000000e+02
6.000000000000000000e+02
6.300000000000000000e+02
6.600000000000000000e+02
6.900000000000000000e+02
7.200000000000000000e+02
7.500000000000000000e+02
7.800000000000000000e+02
8.100000000000000000e+02
8.400000000000000000e+02
8.700000000000000000e+02
9.000000000000000000e+02
9.300000000000000000e+02
9.600000000000000000e+02
9.900000000000000000e+02
1.020000000000000000e+03
1.050000000000000000e+03
1.080000000000000000e+03
1.110000000000000000e+03
1.140000000000000000e+03
1.170000000000000000e+03
1.200000000000000000e+03
1.230000000000000000e+03
1.260000000000000000e+03
1.290000000000000000e+03
1.320000000000000000e+03
1.350000000000000000e+03
1.380000000000000000e+03
1.410000000000000000e+03
1.440000000000000000e+03
1.470000000000000000e+03
1.500000000000000000e+03
1.530000000000000000e+03
1.560000000000000000e+03
1.590000000000000000e+03
1.620000000000000000e+03
1.650000000000000000e+03
1.680000000000000000e+03
1.710000000000000000e+03
1.740000000000000000e+03
1.770000000000000000e+03
1.800000000000000000e+03
1.830000000000000000e+03
1.860000000000000000e+03
1.890000000000000000e+03
1.920000000000000000e+03
1.950000000000000000e+03
1.980000000000000000e+03
2.010000000000000000e+03
2.040000000000000000e+03
2.070000000000000000e+03
2.100000000000000000e+03
2.130000000000000000e+03
2.160000000000000000e+03
2.190000000000000000e+03
2.220000000000000000e+03
